ζ Α acher.) mnssx NUMERORUM. 421

 

 

N0 Vol. Pag. N⁰ Vol. Pag. No Vol. Pag.
1290,1291 ........ 11, 275 1375 ............. 11, 203 1518 ............. 117, 597
1293 ............. 11, 299 1376 ............. 11, 432 1519 ............. 117, 599
1294, ,,,,,,,,,,,, 11, 420 1377 ............. 11, 447 1523 ............. 117, 621
1295 ............. 11, 268 1378 ............. 11, 292 , 1524,1525 ........ 117, 605
1296 ............. 11, 409 1381 ............. 11, 425 1526 ............. 117, 626
1297 ............. 11, 411 1382 ............. 11, 476 1527 ............. 1V‚·603
1298 ............. 11, 410 1384 ............. 11, 300 1528,1529 ........ 117, 593
1299 ............. 11, 416 13860) .......... 111, 934 1531 ............. 117, 609
1300 ............. 11, 419 1388 ............. 117, 93 ξ 1534 ............. 117, 612
1301 ,,,,,,,,,,,,, 11, 418 1390 ............. 117, 96 1 1535 ............. 117, 630
1302 ............. Π, 226 1391 ............. 117, 88 1589 ............. 117, 615
1303 ......... 11, 266 1392 ............. 117, 105 1 1541 ..... 11, 421; 117, 596
1304 ............. Π, 410 1396 ............. 117, 113 1542 ............. 117, 628
1305 ............. 11, 260 1398 ............. 117, 100 1543 ............. 117, 602
1306 ............. 11, 251 1399 ............. 117, 97 1544 ............. 117, 619
1307 ............. 11, 294 1400 ............. 117, 89 1515 ............. 117, 668
1308 ............. 11, 284 1401 ............. 117, 113 = 1546.1549 ........ 117, 617
13091310 ........ 11, 225 1405 ............. 117, 96 τ 1557 ........ 117, 625, 627
1313 ,,,,,,,,,,,,, 11, 405 , 1406 ............. 117, 104 ; 1558 ............. 117, 616
1314 ............. 11, 494 1407 ............. 117, 100 ¹ 1559 ............. 117, 629
1315 ............. 11, 284 1409 ............. 117, 95 1 1560 ............. IV, 623
1316 ............. 11, 288 , 1410 ............. 117, 92 1563 ............. 117, 617
13191320 ,,,,,,,, 11, 291 1411 ............. 117, 95 1564 ........ 117, 677, 804
1324 ............. 11, 403 ι 1412 ............. 117, 103 ’ 1565 ............. 117, 608
1325 ............. 11, 398 1421 ......... 11, 658, 668 = 1566 ............. 117, 603
1326 ......... 11, 446, 464 1425 ............. 11, 641 1 1567 ............. 117, 798
1327 ............. 11, 447 ² 1426 ............. 11, 644 1575 ............. 117, 801
1329 ............. 11, 470 ; 1427 ............. 11, 643 1576 ............. 117, 803
1330 ............. 11, 472 1 1428 ............. 11, 668 1 1577 ............. 117, 801
1331 ............. 11, 259 1430 .............. s, 222 1580 ............. 117, 814
1332 ............. 11, 240 1431 ...... 11, 677, s, 210 1587 bis .......... 117, 817
1333 ............. 11, 459 1432 ...... 11, 671, s, 205 1590 ............. 117, 819
1334 ............. 11, 268 , 1446 ............. 11, 285 1591 ............. 117, 822
1336 ............. 11, 451 ¹ 1457 ............. 11, 704 . 1594 ........ IV, 157, 815
1339 ......... 11, 466, 473 1461 ............. 11, 717 1595 ............. 117, 820
1340 ............. 11, 277 1462 ter .......... 11, 719 1597 ............. 117, 811
1342 .......... 11, 89, 227 1463 ............. 11, 706 ¹ 1598 ............. 117, 808
1343 ............. 11, 240 1464 ............. Π, 703 ’ 1600 .............. s, 362
1344 ............. 11, 249 1466 ............. 11, 727 1 1603,1604,1605...117, 810
1346 ............. 11, 230 ε 14681469 ........ 11, 730 1606 ............. 117, 801
1347 ..... Π, 473; 117, 92 1473 ............. 11, 694 1609 ..... 11, 912,- 117, 684
1348 ............. 11, 448 1476 ............. 11, 697 Ι 1610 ............. 117, 682
1349 ............. 11, 494 ¹ 1478 ............. 11, 696 1612 ............. IV, 686
1350 ............. 11, 412 1479 ............. Π, 729 1613 ........ 117, 688, 689
1351 ............. 11, 244 1484 ............. 117, 218 1614 ............. 117, 687
1352 ............. 11, 432 1485 ............. 11, 648 1616 ............. 117, 549
1354 ............. 11, 481 1486 ............. 11, 647 1618 ............. 117, 688
1356 ............. 11, 479 1488 ............. 11, 649 1623 ............. 117, 564
1358 ............. 11, 421 1489 ............. 11, 647 1624 ............. 117, 558
1359 ......... 11, 236, 385 1492 bis .......... 11, 709 1626,1627 ........ 117, 557
1360 ............. 11, 269 1493 ............. 11. 705 1631 ............. 117, 568
1361 ............. 11, 266 1496 ............. 117, 52 1632 ............. 117, 564
1362 ............. 11, 256 1498 ............. 117, 46 1635 ............. 117, 588
1363 ............. 11, 441 1502 ............. 117, 51 1639 ............. 117, 588
1364 ............. 11, 402 1503 ............. 117, 46 1641 ............. 117, 582
1365 ............. 11, 428 1504 ............. 117, 45 1644 ............. 117, 571
1366 ............. 11, 426 1509 ............. 117, 809 1645 ............. IV. 582
1368 ............. 11, 439 1511 ............. 117, 62 1656 bi· .......... 117, 548
1369 ............. 11, 430 1512 ............. 117, 56 1658 ............. 117, 558
1371 ............. 11, 437 1515 ............. 117, 622 1662 ............. 117, 555

13⁷4 ............. II, 479 Ι 1516 ............. IV, 605 1668 ............. IV, ⁷48

