 

428 mosx uuussuonuu. (Aucher.)
N⁰ Vol. Pag. N⁰ Vol. Pag. ! N⁰ Vol. Pag.
4508 ............. 11, 743 4599 ............. 11, 845 4691 ............ 111, 91
4509 .............. 1, 778 4601 ............. 11, 850 4692 ............ 111, 100
4510 .......... 1, 771, 775 4603 ............. 11, 949 1 4693 ............ 111, 117
4511 .......... 1, 773, 940 4604, 4605 ........ 11, 86214676 ............ 111, 121
4512 .............. 1, 774 4606 ............. 11 871 ; 4697 ............ 111, 146
4513 .............. 1, 749 4608 ............. 11, 868 , 4701 ............ 111, 141
4516, 4517 ......... 1, 753 4610 ............ 11, 1052 1 4704 ............ 111, 151
4518 .............. 1, 746 4611 ............. 11, 876 , 4705 ............ 111, 148
4520...... 1, 739, 11, 790 4612 ............. 11, 984 4706 ............ 111, 411
4521 ............. IV, 997 1 4613 ............. 11, 932 1 4707 ............ 111, 401
4522 ............. 11, 772 · 4614 ............. 11, 995 · 4708 ............ 111, 410
4523. ............ 11, 796 4615 ............. 11, 982 · 4709 ............ 111, 409
4524, 4525 ........ 11, 771 4616 ............ 11, 1006 3 4710 ............ 111, 410
4526 ............. 11, 779 2 4617 ............. 11, 904 1 4711 ............ 111, 383
4529 ............. 11, 769 4618 ............. 11, 916 i 4713 ............ 111, 213
4532 ............. 11, 782 . 4619 ............. 11, 903 4 4715 ........... - 111, 393
4533 ............. 1, 912 1 4620, 4621 ........ 11, 905 2 4716, 4717 ....... 111, 390
4534 .............. 1, 762 4622 ............. 11, 941 ἶ 4719. ........... 111, 391
4535 .............. 1, 919 ¹ 4623, 4624 ....... 11, 1067 4 4720 ............ 111, 378
4537, 4538 ........ 11, 766 ; 4625 ............. 11, 941 1 4721 ............ 111, 377
4540 ............ 11, 817 ; 4626 ............. 11, 929 ζ 4722 ............ 111, 176
4542 ............. 11, 807 4627 ............. 11, 932 . 4724, 4725, 4726.. 111, 211
4543 ............. 11, 800 1 4629 ............. 11, 937 4 4727 ............ 111, 168
4544 ............. 11, 812 ¹ 4629 A ........... 11, 936 1 4728 ............ 111, 209
4545 ............. 11, 606 ³ 4630 ............ 11, 1022 , 4729 ............ 111, 223
4547, 4548 ........ 11, 823 ¹ 4631 ............. 11, 878 ’ 4730.· .......... 111, 208
4549, 4552 ........ 11, 955 4633... 11,1ο25; 111, 25 ζ 4731 ............. 11, 782
4553 ............. 11, 884 ’ 4634 ............. 11, 873 1 4734 ............ 111, 192
4554 ............. 11, 888 · 4635 ........... 11, 1022 1 4735 ............ 111, 191
4555 ............. 11, 884 · 4636 ............. 11, 867 1 4736 ............ 111, 188
4556, 4556A. ,11, 951 · 4639, 4640 ....... 111, 6 1 4737 ............ 111, 200
4557 ............. 11, 9361 4644 ............ 111, 73 1 4738 ............ 111, 207
4558 ............. 11, 952 4647 ............ 111, 80 4740 .......... 6.111, 204
4559, 4561 ........ 11, 953 1 4648 ............ 111, 33 4 4741 ............ 111, 200
4562 ............ 11, 1086 4649 ............ 111, 28 4742 ............ 111, 181
4565 ............ 11, 1015 4655, 4656 ....... 111, 631 4743, 4744 ....... 111, 207
4566 ............ 11 10224 4657 ............ 111, 68 ἓ 4745 ............ 111, 157
4567 ............ 11,1013 4658 ......... 111, 12, 69 Ξ 4746 ............ 111, 166
4568 ....... 11,1013, 1019 ¹ 4661 ............ 111, 56 ¹ 4747 ............ 111, 167
4569 ............. 11, 880 1 4662 ............ 111, 52 ' 4748 ............ 111, 159
4570 0 ........... 11, 636 3 4665 ............ 111, 25 · 4749 ............ 111, 165
4571, 4572 ........ 11, 924 1 4666 ......... 111, 25, 77 4 4751 ............ 111, 381
4573 ............. 11, 892 4667 ............ 111, 84 ’ 4752 ............ 111, 156
4574 ............ 11, 1009 1 4669 ............ 111, 81 4753, 4754 ....... 111, 313
4575 ............. 11, 891 1 4670 ............ 111, 83 4755 ............ 111, 345
4576 ............. 11, 980 ; 4671 ........... 111, 72 4756 ............ 111, 349
4577 ............ 11, 1036 ⁸ 4672 ............ 111, 27 4757 ........ 111, 349, 759
4580 ............. 11, 856 ⁵ 4673, 74, 75, 76.. 111, 29 4758 ............ 111, 257
4581 ............ 11, 1052 ¹ 4677 ............ 111. 15 4760 ............ ΙΙΙ. 272
4582 ............ Η, 1013 4 4679 ............ 111. 14 4763 ............ 111, 326
4584 ............ 11, 1015 i 4690 ............ 111, 16 4764 ............ 111, 325
4586 ............ 11, 1026 ¹ 4681.. .......... 111, 14 4765 ............ 111, 270
4587 ............ 11,1079 16818 .......... 111, 45 4766 ............. 111, 249
4588 ............ 11, 1072 4681 c .......... 111, 16 4768 ............ 111, 250
4590 ............. 11, 937 4682 ............ 111, 110 4769 ............ 111, 372
4590A ........... 11, 943 4683... 11,1016, 111, 97 4771 ............ 111, 370
4591 ............. 11, 928 4684 ..... 111,99, 100, 101 4772 ........ 111, 373, 375
4592 ............ 11, 1006 4686 ............ 111, 97 4773 ............ m, 364
4593 ............ 11, 1083 4667 ............ 111, 101 4774, 4775, 4776.. 111,. 220
4595 ............ 11, 1009 4689 ............ 111, 89 4777 ............ 111, 445
4596, 4597 ........ 11, 850 ¹ 4690 ............ 111, 86 4778 ............ 111,, 447

