4Ξο mnssx mmssnonuu. (Aucher.) ⁸
N⁰ Vol. Pag. 1 N⁰ Vol. Pag ΝΟ Vol. Pag.

803 ............... 1 902 ¹ 947 .............. 11 109 1094 ............. 11, 40
808 zm ............ 1, 903 959 .............. 11, 636 1 1095 ............. 11, 46
810 ............... 1, 938 1 965 .............. 11, 592 1 1098 ............. 11, 45
812 ............... 1, 931 1967 .............. 11,59711103 ............. 11, 53
814 .............. 1, 937 1 969 .............. 11, 599 1105 ............. 11, 51
816 ............... 1, 940 971 .............. 11, 572 1 1107 ............. 11, 52
817 ............... 1, 988 971bis ........... 11, 576 1 1109 ....... 11, 53, s, 161
818 ............... 1, 928 980 .............. 11, 574 1 1110 .,11 58, 11, 160
819 ............... 1, 921 1 981 .............. 11, 576 1 1111 ............. 11, 54
821 ............... 1, 853 j 983 .............. 11, 581 1 1117,1118 ........ 11, 200
822 ............... 1, 852 3 986 .............. 11, 579 1 1119 ............. 11, 556
828 ............... 1, 855 1 991 ............. 11, 587 ; 1120 ..... 11, 555, 1v, 119
830 ............... 1, 860 3 993. ...... , ....... 11, 2871121 ,,,,,,,,,,,,, 11, 556
880 bis ............ 1, 859 1 994 .............. 11, 201 1122 ............. 11, 157
835 .............. . 1, 851 1 1000 ........... .. 11, 29 1125 ............. 11, 562
836 ............... 1, 864 1 1008 ............. 11, 161 1126 ............. 11, 564
840 ............... 1, 825 1 10051006 ........ 11, 183 1127 ............. 11, 563
841 ............... 1, 826 1010 ............. 11, 180 1 1128 ............. 11, 28
848 ..... “ .......... 1, 833 1 1022 ............. 11, 622 1 1130 ,,,,,,,,,,,,, 11, 60
846 ......... 1v 344 347 1 1025 ............. 11, 171 1 1158 ............. 11, 70
847 ............... 1, 829 1 1029 ............. 11, 178 1 1160 ............. 11, 69
852 ....... 1, 827; 111, 415 5 1030 ............. 11, 170 τ 1168 ............. 11, 68
854 ............... 1, 810 1 1032 ............. 11, 178 1 1187 ............. 1V, 743
855 ............... 1, 819 1038 ..... 11, 166, 1ν, 571 - 1205 ............. 1v, 964
857 .......... 1, 823, 854 1 1086 ............. 11, 169 r 1206 ............. 1V. 333
859 .............. 1v, 447 3 1037 ............. 11, 168 1 1286 ............. 11, 128
861 ............... 1, 820 1 1039 ............. 11, 167 1241 ............. 11, 440
664 ............... 1, 807 · 1041 ...... 1,121, 11, 30 ; 1213 ............. 11, 837
865 ............... 1, 836 1042 ............. 11, 177 ³ 1244 ............. 11, 869
870 ............... 1, 793 fi 1048 ............. 11, 33 ’ 1245 ............. 11, 385
871 ............... 1, 801 1047 ...... 1,115, 11, 581 1 1217 ............. 11, 490
872 ............... 1, 784 1048 ............. Π, 548 1 1249 ............. 11, 396
873 ............... 1, 79211050 ............. 11, 550 = 1251 ............. 11, 490
877 ............. IV, 1101 1 1051 ............. 11, 529 1254,1256 ........ 11, 381
878 ............... 1, 791 ἕ 1052 ............. 11, 534 1257 ......... 11, 361, 870
882 ............... 1, 795 ¹ 1053 ............. 11, 570 1 1257121· .......... 11, 370
884 ............... 1, 812 1054 ............. 11, 529 1 1259 ............. 11, 338
887 ............... 1, 804 , 1056 ............. 11, 532 1 1260 ............. 11, 364
888 ............... 1, 798 1 1057 ............. 11, 536 1261 ............. 11, 358
889 ............... 1, 808 s 1058 ............. ΙΙ, 587 1 1261618 .......... Π, 355
890 ............... 1, 800 3 1063 ............. Π, 547 1 1262 ............. 11, 354
891, 893 ........... 1, 797 : 1064 ............. 11, 541 ¹ 1265 ............. 11, 390
894 ............... 1, 796 1 1065 ............. 11, 542 ’ 1266 ............. 11, 386
898 899 ........... 1, 801 1 1067 ............. 11, 552 1267 ............. 11, 350
900 ............... 1 816 Τ 1070 ............. 11, 513 1268 ............. 11, 847
901 ........... 1, 801, 810 5 1071 ............. 11, 525 1 1269 ............. 11, 898
902 ............... 1, 791 ζ 1073 ............. ΙΙ, 524 1 1270 ............. Π, 313
903 ............... 1, 802 1074 ............. 11, 515 = 1271 ............. 11, 316
905 ............... 1, 845 1075 ............. 11. 149 1 1272 ............. 11, 381
909 ............... Ι, 475 1 1077 ............. 11, 518 1 1274 ............. 11, 311
910 ............... 1, 474 1 10 81079 ........ 11, 521 1 1275 ............. 11, 381
911 ............... 1, 469 ¹ 1080 ............. 11, 508 1 1276 ............. Π, 888
912 bis, 912ter ..... 1, 467 l 1081 ............. 11, 524 f 1277 ............. 11, 816
914 ............... 1, 463 1 1082 ............. 11, 32 1 1278 ............. Π, 377
917 ............... 1, 462 1084 ............. 11, 48 1 1279 ......... 11, 334, 335
918 ............... 1, 4611‘1085 ............. 11, 39 1280‚1281 ........ 11, 812
919 ............... 1, 453 1 1086 ............. 11, 40 1 1283 ............. 11, 399
928, 936 .......... 11, 96 1089 ............. 11, 42 1284 ............. 11, 390
937 .............. 11, 9811091 ............. 11, 38 1287, 1287 bia ..... 11, 274
938 .............. 11, 99¹ 1092 ...... 1, 894, 11, 46 1288 ............. 11, 800
946 .............. 11, 629 1 1093 ............. 11, 45 1 1289 ............. 11, 274

 

